chromosome00
3 0.752283
4 0.738081
5 0.73847
6 0.736055
7 0.730959
8 0.727622
9 0.731507
10 0.742415
Max: 0.727622
chromosome01
3 0.782143
4 0.770668
5 0.773153
6 0.766948
7 0.760258
8 0.761174
9 0.769003
10 0.789596
Max: 0.760258
chromosome02
3 0.793267
4 0.782979
5 0.785363
6 0.776688
7 0.77041
8 0.771907
9 0.779935
10 0.802162
Max: 0.77041
chromosome03
3 0.786838
4 0.776401
5 0.779107
6 0.772342
7 0.766159
8 0.767705
9 0.777056
10 0.800952
Max: 0.766159
chromosome04
3 0.84209
4 0.838115
5 0.826369
6 0.821965
7 0.819149
8 0.825665
9 0.83821
10 0.869497
Max: 0.819149
chromosome05
3 0.792768
4 0.780877
5 0.781626
6 0.776522
7 0.770605
8 0.775193
9 0.79027
10 0.828594
Max: 0.770605
chromosome06
3 0.786169
4 0.774753
5 0.77562
6 0.770681
7 0.764656
8 0.769928
9 0.784019
10 0.822809
Max: 0.764656
chromosome07
3 0.744969
4 0.726634
5 0.724391
6 0.719746
7 0.721944
8 0.722431
9 0.734044
10 0.765882
Max: 0.719746
chromosome08
3 0.749786
4 0.734226
5 0.733571
6 0.73078
7 0.730421
8 0.733748
9 0.749979
10 0.792365
Max: 0.730421
chromosome09
3 0.794526
4 0.784292
5 0.787002
6 0.779426
7 0.77444
8 0.780805
9 0.798815
10 0.841347
Max: 0.77444
chromosome10
3 0.747688
4 0.730692
5 0.72864
6 0.725887
7 0.728571
8 0.73419
9 0.755068
10 0.807356
Max: 0.725887
chromosome11
3 0.80136
4 0.791307
5 0.791961
6 0.782367
7 0.774624
8 0.774721
9 0.778305
10 0.790705
Max: 0.774624
chromosome12
3 0.701078
4 0.685465
5 0.684584
6 0.683528
7 0.687627
8 0.691733
9 0.708514
10 0.749619
Max: 0.683528
chromosome13
3 0.817556
4 0.810913
5 0.808449
6 0.802059
7 0.801264
8 0.815409
9 0.850091
10 0.93008
Max: 0.801264
chromosome14
3 0.685383
4 0.667889
5 0.66325
6 0.662329
7 0.667488
8 0.681309
9 0.70686
10 0.761839
Max: 0.662329
chromosome15
3 0.809124
4 0.800344
5 0.798586
6 0.790389
7 0.783628
8 0.785332
9 0.790285
10 0.807492
Max: 0.783628
chromosome16
3 0.824262
4 0.817938
5 0.811266
6 0.802401
7 0.795824
8 0.797165
9 0.801141
10 0.817135
Max: 0.795824
chromosome17
3 0.773164
4 0.758813
5 0.756794
6 0.753018
7 0.746154
8 0.745662
9 0.750507
10 0.76735
Max: 0.745662
chromosome18
3 0.765778
4 0.751844
5 0.751121
6 0.74826
7 0.742137
8 0.740611
9 0.745393
10 0.760468
Max: 0.740611
chromosome19
3 0.773659
4 0.758905
5 0.757898
6 0.753964
7 0.747428
8 0.746963
9 0.752608
10 0.771229
Max: 0.746963
chromosome20
3 0.795164
4 0.783887
5 0.783099
6 0.776089
7 0.768337
8 0.769384
9 0.775926
10 0.797223
Max: 0.768337
chromosome21
3 0.712405
4 0.690942
5 0.68527
6 0.679694
7 0.680789
8 0.682184
9 0.688291
10 0.70603
Max: 0.679694
chromosome22
3 0.426166
4 0.36399
5 0.362694
6 0.374352
7 0.36399
8 0.36658
9 0.360104
10 0.431347
Max: 0.360104
chromosome23
3 0.572982
4 0.53667
5 0.518592
6 0.509143
7 0.503208
8 0.505643
9 0.517472
10 0.545669
Max: 0.503208
chromosome24
3 0.345849
4 0.26657
5 0.220469
6 0.190556
7 0.169803
8 0.154884
9 0.144198
10 0.137094
Max: 0.137094
